2286822
2285772
2131384
2061155
2090190
2289377
2036758
2032672
2033168
2055599
2133481
2127926
2293325
2036750
1958342
2031467
2127721
2120570
2133835
2133678
2131336
2095977
2128088
1677975
2286053
2280995
2080119
2285845
2283107
2223362
2223762
2119656
2124526
2081250
2073916
2291595
2291232
2053527
2107685
2291872
2213173
2127554
2286688
2285158
2290746
1672851
2287614
2127462
2121085
2283251
2285393
2095383
2074882
2134798
2289954
2119685
2111110
2297664
2297783
2297663
2289396
2109434
2121324
136640
2292530
2275038
2287129
2093099
2291802
2288771
2282479
2058395
161101
2286992
2284535
2288257
2289789
2287203
2285226
2057423
2057583
2290085
2222535
2058397
1962665
2127615
2055600
2054038
2290248
2290203
2033314
2297876
2055648
2036822